[-0.226307000, 51.533715000],
[-0.226166000, 51.533778000],
[-0.226019000, 51.533821000],
[-0.225882000, 51.533870000],
[-0.225906000, 51.533976000],
[-0.225945000, 51.534073000],
[-0.225936000, 51.534166000],
[-0.225921000, 51.534259000],
[-0.225827000, 51.534341000],
[-0.225711000, 51.534410000],
[-0.225565000, 51.534425000],
[-0.225420000, 51.534454000],
[-0.225263000, 51.534493000],
[-0.225093000, 51.534530000],
[-0.224932000, 51.534556000],
[-0.224773000, 51.534604000],
[-0.224599000, 51.534632000],
[-0.224432000, 51.534644000],
[-0.224289000, 51.534673000],
[-0.224130000, 51.534726000],
[-0.223964000, 51.534748000],
[-0.223805000, 51.534777000],
[-0.223639000, 51.534801000],
[-0.223483000, 51.534845000],
[-0.223330000, 51.534884000],
[-0.223164000, 51.534904000],
[-0.223010000, 51.534928000],
[-0.222864000, 51.534955000],
[-0.222715000, 51.534986000],
[-0.222570000, 51.535014000],
[-0.222417000, 51.535051000],
[-0.222274000, 51.535076000],
[-0.222109000, 51.535146000],
[-0.221959000, 51.535170000],
[-0.221793000, 51.535196000],
[-0.221660000, 51.535236000],
[-0.221525000, 51.535281000],
[-0.221382000, 51.535348000],
[-0.221239000, 51.535393000],
[-0.221106000, 51.535442000],
[-0.220938000, 51.535494000],
[-0.220803000, 51.535541000],
[-0.220664000, 51.535589000],
[-0.220505000, 51.535592000],
[-0.220335000, 51.535608000],
[-0.220181000, 51.535579000],
[-0.220045000, 51.535520000],
[-0.219889000, 51.535558000],
[-0.219761000, 51.535604000],
[-0.219615000, 51.535667000],
[-0.219484000, 51.535709000],
[-0.219345000, 51.535740000],
[-0.219191000, 51.535780000],
[-0.219046000, 51.535819000],
[-0.218911000, 51.535881000],
[-0.218775000, 51.535954000],
[-0.218657000, 51.536013000],
[-0.218504000, 51.536085000],
[-0.218398000, 51.536149000],
[-0.218237000, 51.536202000],
[-0.218110000, 51.536263000],
[-0.218029000, 51.536347000],
[-0.217901000, 51.536394000],
[-0.217765000, 51.536462000],
[-0.217647000, 51.536524000],
[-0.217509000, 51.536594000],
[-0.217412000, 51.536665000],
[-0.217291000, 51.536725000],
[-0.217179000, 51.536809000],
[-0.217062000, 51.536871000],
[-0.216928000, 51.536922000],
[-0.216788000, 51.536984000],
[-0.216652000, 51.537055000],
[-0.216540000, 51.537140000],
[-0.216426000, 51.537219000],
[-0.216302000, 51.537273000],
[-0.216181000, 51.537351000],
[-0.216080000, 51.537430000],
[-0.215968000, 51.537505000],
[-0.215875000, 51.537607000],
[-0.215725000, 51.537676000],
[-0.215607000, 51.537746000],
[-0.215474000, 51.537823000],
[-0.215356000, 51.537891000],
[-0.215244000, 51.537980000],
[-0.215159000, 51.538060000],
[-0.215053000, 51.538156000],
[-0.214940000, 51.538242000],
[-0.214839000, 51.538319000],
[-0.214757000, 51.538406000],
[-0.214638000, 51.538497000],
[-0.214532000, 51.538578000],
[-0.214382000, 51.538614000],
[-0.214247000, 51.538675000],
[-0.214153000, 51.538744000],
[-0.214047000, 51.538824000],
[-0.213952000, 51.538898000],
[-0.213863000, 51.538990000],
[-0.213733000, 51.539057000],
[-0.213619000, 51.539128000],
[-0.213484000, 51.539199000],
[-0.213396000, 51.539301000],
[-0.213295000, 51.539399000],
[-0.213175000, 51.539466000],
[-0.213060000, 51.539527000],
[-0.212970000, 51.539620000],
[-0.212840000, 51.539688000],
[-0.212745000, 51.539775000],
[-0.212653000, 51.539847000],
[-0.212553000, 51.539921000],
[-0.212465000, 51.540007000],
[-0.212361000, 51.540091000],
[-0.212246000, 51.540177000],
[-0.212133000, 51.540248000],
[-0.212030000, 51.540339000],
[-0.211914000, 51.540421000],
[-0.211782000, 51.540481000],
[-0.211677000, 51.540550000],
[-0.211597000, 51.540661000],
[-0.211515000, 51.540743000],
[-0.211401000, 51.540830000],
[-0.211294000, 51.540914000],
[-0.211176000, 51.541010000],
[-0.211052000, 51.541099000],
[-0.210961000, 51.541176000],
[-0.210844000, 51.541251000],
[-0.210734000, 51.541309000],
[-0.210633000, 51.541379000],
[-0.210528000, 51.541461000],
[-0.210383000, 51.541435000],
[-0.210286000, 51.541329000],
[-0.210190000, 51.541246000],
[-0.210100000, 51.541161000],
[-0.210015000, 51.541066000],
[-0.209954000, 51.540977000],
[-0.209871000, 51.540899000],
[-0.209776000, 51.540822000],
[-0.209696000, 51.540742000],
[-0.209630000, 51.540650000],
[-0.209543000, 51.540577000],
[-0.209411000, 51.540496000],
[-0.209240000, 51.540483000],
[-0.209146000, 51.540567000],
[-0.209053000, 51.540656000],
[-0.208948000, 51.540724000],
[-0.208828000, 51.540796000],
[-0.208722000, 51.540863000],
[-0.208594000, 51.540927000],
[-0.208505000, 51.541005000],
[-0.208394000, 51.541083000],
[-0.208284000, 51.541168000],
[-0.208179000, 51.541244000],
[-0.208062000, 51.541333000],
[-0.207941000, 51.541423000],
[-0.207829000, 51.541516000],
[-0.207716000, 51.541593000],
[-0.207586000, 51.541651000],
[-0.207479000, 51.541742000],
[-0.207442000, 51.541848000],
[-0.207396000, 51.541936000],
[-0.207267000, 51.541994000],
[-0.207125000, 51.542038000],
[-0.207037000, 51.542110000],
[-0.206907000, 51.542054000],
[-0.206785000, 51.541983000],
[-0.206673000, 51.541907000],
[-0.206541000, 51.541837000],
[-0.206434000, 51.541774000],
[-0.206328000, 51.541708000],
[-0.206199000, 51.541642000],
[-0.206082000, 51.541585000],
[-0.205980000, 51.541518000],
[-0.205869000, 51.541453000],
[-0.205735000, 51.541392000],
[-0.205580000, 51.541319000],
[-0.205434000, 51.541260000],
[-0.205304000, 51.541208000],
[-0.205172000, 51.541156000],
[-0.205026000, 51.541105000],
[-0.204870000, 51.541044000],
[-0.204734000, 51.540985000],
[-0.204617000, 51.540918000],
[-0.204444000, 51.540856000],
[-0.204295000, 51.540805000],
[-0.204121000, 51.540762000],
[-0.203967000, 51.540738000],
[-0.203814000, 51.540730000],
[-0.203636000, 51.540720000],
[-0.203563000, 51.540636000],
[-0.203515000, 51.540523000],
[-0.203467000, 51.540434000],
[-0.203431000, 51.540316000],
[-0.203374000, 51.540233000],
[-0.203323000, 51.540123000],
[-0.203309000, 51.540028000],
[-0.203252000, 51.539927000],
[-0.203198000, 51.539837000],
[-0.203125000, 51.539744000],
[-0.203104000, 51.539651000],
[-0.203133000, 51.539555000],
[-0.203071000, 51.539442000],
[-0.203002000, 51.539361000],
[-0.202909000, 51.539260000],
[-0.202821000, 51.539160000],
[-0.202777000, 51.539062000],
[-0.202717000, 51.538959000],
[-0.202676000, 51.538856000],
[-0.202625000, 51.538758000],
[-0.202602000, 51.538665000],
[-0.202576000, 51.538576000],
[-0.202538000, 51.538477000],
[-0.202515000, 51.538369000],
[-0.202456000, 51.538280000],
[-0.202375000, 51.538192000],
[-0.202354000, 51.538094000],
[-0.202303000, 51.537985000],
[-0.202233000, 51.537881000],
[-0.202228000, 51.537791000],
[-0.202303000, 51.537700000],
[-0.202448000, 51.537657000],
[-0.202582000, 51.537610000],
[-0.202730000, 51.537547000],
[-0.202852000, 51.537496000],
[-0.203007000, 51.537440000],
[-0.203144000, 51.537369000],
[-0.203263000, 51.537299000],
[-0.203394000, 51.537247000],
[-0.203524000, 51.537183000],
[-0.203679000, 51.537151000],
[-0.203811000, 51.537107000],
[-0.203941000, 51.537040000],
[-0.204061000, 51.536985000],
[-0.204184000, 51.536931000],
[-0.204322000, 51.536864000],
[-0.204441000, 51.536813000],
[-0.204567000, 51.536769000],
[-0.204704000, 51.536708000],
[-0.204859000, 51.536673000],
[-0.204999000, 51.536626000],
[-0.205163000, 51.536593000],
[-0.205303000, 51.536536000],
[-0.205441000, 51.536488000],
[-0.205579000, 51.536410000],
[-0.205661000, 51.536306000],
[-0.205658000, 51.536210000],
[-0.205575000, 51.536126000],
[-0.205503000, 51.536031000],
[-0.205574000, 51.535939000],
[-0.205669000, 51.535871000],
[-0.205813000, 51.535821000],
[-0.205968000, 51.535787000],
[-0.206108000, 51.535753000],
[-0.206256000, 51.535693000],
[-0.206412000, 51.535658000],
[-0.206558000, 51.535587000],
[-0.206671000, 51.535525000],
[-0.206785000, 51.535465000],
[-0.206935000, 51.535403000],
[-0.207085000, 51.535363000],
[-0.207228000, 51.535319000],
[-0.207378000, 51.535257000],
[-0.207521000, 51.535199000],
[-0.207678000, 51.535148000],
[-0.207854000, 51.535105000],
[-0.208002000, 51.535055000],
[-0.208041000, 51.534961000],
[-0.207974000, 51.534874000],
[-0.207897000, 51.534782000],
[-0.207854000, 51.534687000],
[-0.207797000, 51.534599000],
[-0.207711000, 51.534504000],
[-0.207636000, 51.534413000],
[-0.207599000, 51.534303000],
[-0.207720000, 51.534224000],
[-0.207851000, 51.534184000],
[-0.208001000, 51.534147000],
[-0.208149000, 51.534153000],
[-0.208337000, 51.534129000],
[-0.208484000, 51.534117000],
[-0.208633000, 51.534105000],
[-0.208807000, 51.534057000],
[-0.208949000, 51.534015000],
[-0.209112000, 51.533991000],
[-0.209273000, 51.533987000],
[-0.209444000, 51.533966000],
[-0.209601000, 51.533951000],
[-0.209770000, 51.533917000],
[-0.209918000, 51.533867000],
[-0.210061000, 51.533829000],
[-0.210222000, 51.533808000],
[-0.210377000, 51.533774000],
[-0.210524000, 51.533748000],
[-0.210667000, 51.533722000],
[-0.210825000, 51.533697000],
[-0.210999000, 51.533673000],
[-0.211114000, 51.533731000],
[-0.211199000, 51.533822000],
[-0.211303000, 51.533912000],
[-0.211388000, 51.534005000],
[-0.211455000, 51.534088000],
[-0.211558000, 51.534173000],
[-0.211655000, 51.534261000],
[-0.211718000, 51.534348000],
[-0.211758000, 51.534465000],
[-0.211794000, 51.534552000],
[-0.211837000, 51.534659000],
[-0.211926000, 51.534744000],
[-0.212009000, 51.534837000],
[-0.212120000, 51.534932000],
[-0.212197000, 51.535008000],
[-0.212346000, 51.535065000],
[-0.212449000, 51.535152000],
[-0.212537000, 51.535237000],
[-0.212638000, 51.535302000],
[-0.212678000, 51.535408000],
[-0.212761000, 51.535504000],
[-0.212810000, 51.535596000],
[-0.212968000, 51.535663000],
[-0.213057000, 51.535737000],
[-0.213150000, 51.535830000],
[-0.213251000, 51.535918000],
[-0.213365000, 51.535999000],
[-0.213485000, 51.536072000],
[-0.213552000, 51.536168000],
[-0.213648000, 51.536254000],
[-0.213735000, 51.536339000],
[-0.213751000, 51.536428000],
[-0.213860000, 51.536510000],
[-0.213918000, 51.536598000],
[-0.214078000, 51.536656000],
[-0.214208000, 51.536725000],
[-0.214237000, 51.536815000],
[-0.214319000, 51.536889000],
[-0.214460000, 51.536964000],
[-0.214567000, 51.537031000],
[-0.214705000, 51.537094000],
[-0.214832000, 51.537145000],
[-0.214984000, 51.537173000],
[-0.215138000, 51.537202000],
[-0.215284000, 51.537244000],
[-0.215407000, 51.537315000],
[-0.215545000, 51.537388000],
[-0.215657000, 51.537460000],
[-0.215800000, 51.537486000],
[-0.215902000, 51.537417000],
[-0.216007000, 51.537337000],
[-0.216122000, 51.537267000],
[-0.216238000, 51.537210000],
[-0.216353000, 51.537149000],
[-0.216479000, 51.537070000],
[-0.216593000, 51.537009000],
[-0.216707000, 51.536939000],
[-0.216846000, 51.536870000],
[-0.216991000, 51.536791000],
[-0.217129000, 51.536716000],
[-0.217257000, 51.536634000],
[-0.217384000, 51.536555000],
[-0.217531000, 51.536488000],
[-0.217673000, 51.536425000],
[-0.217789000, 51.536340000],
[-0.217907000, 51.536265000],
[-0.218028000, 51.536204000],
[-0.218155000, 51.536140000],
[-0.218288000, 51.536049000],
[-0.218391000, 51.535982000],
[-0.218508000, 51.535925000],
[-0.218638000, 51.535845000],
[-0.218772000, 51.535795000],
[-0.218907000, 51.535744000],
[-0.219036000, 51.535679000],
[-0.219190000, 51.535636000],
[-0.219325000, 51.535579000],
[-0.219450000, 51.535524000],
[-0.219597000, 51.535474000],
[-0.219721000, 51.535426000],
[-0.219843000, 51.535370000],
[-0.219915000, 51.535288000],
[-0.220001000, 51.535203000],
[-0.220141000, 51.535126000],
[-0.220240000, 51.535052000],
[-0.220370000, 51.534998000],
[-0.220493000, 51.534946000],
[-0.220604000, 51.534884000],
[-0.220724000, 51.534825000],
[-0.220864000, 51.534797000],
[-0.221017000, 51.534741000],
[-0.221152000, 51.534702000],
[-0.221316000, 51.534653000],
[-0.221450000, 51.534612000],
[-0.221621000, 51.534593000],
[-0.221765000, 51.534549000],
[-0.221901000, 51.534485000],
[-0.222054000, 51.534444000],
[-0.222206000, 51.534402000],
[-0.222360000, 51.534367000],
[-0.222503000, 51.534315000],
[-0.222659000, 51.534273000],
[-0.222814000, 51.534241000],
[-0.222969000, 51.534232000],
[-0.223137000, 51.534253000],
[-0.223301000, 51.534232000],
[-0.223461000, 51.534209000],
[-0.223619000, 51.534177000],
[-0.223776000, 51.534139000],
[-0.223916000, 51.534112000],
[-0.224050000, 51.534079000],
[-0.224211000, 51.534072000],
[-0.224360000, 51.534068000],
[-0.224519000, 51.534055000],
[-0.224667000, 51.534048000],
[-0.224848000, 51.534041000],
[-0.225005000, 51.534021000],
[-0.225174000, 51.533981000],
[-0.225337000, 51.533949000],
[-0.225483000, 51.533916000],
[-0.225631000, 51.533894000],
[-0.225759000, 51.533863000]